.
Vanilla: 690.776601 rms error.
Vanilla: 3.247000 seconds.
.
Vanilla2: 690.776601 rms error.
Vanilla2: 3.583000 seconds.
.Name: Intel(R) Xeon(R) CPU           E5520  @ 2.27GHz
Image support: 0


OpenCL: 690.786497 rms error.
OpenCL: 1.266000 seconds.
