.
Vanilla: 690.776601 rms error.
Vanilla: 3.380000 seconds.
.
Vanilla2: 690.776601 rms error.
Vanilla2: 3.460000 seconds.
.Name: AMD Athlon(tm) 64 Processor 3500+
Image support: 0


OpenCL: 690.786497 rms error.
OpenCL: 3.190000 seconds.
